10111111000100100001100110011010110000001001010100111111001100111011111111000000111111001100110111000000010001101100000110011010
10111110010111001100110011001101110000001100001100000011001100111100000000001011011010110011001110111111011111101010110011001101
10111111111010000010000000000000101111111001110110100011001100111100000001110000011010110011001111000000001001011110111001100110
10111101011011001100110011001101110000001110101101101001100110101011111101000100100110011001101010111110101111110011001100110011
11000000010110100101001100110011110000000011010110110110011001101100000010101000110100001100110111000000100001010111011100110011
10111111110100111110110011001101101111111010111101010000000000001100000000011000000010110011001110111111111111101101100110011010
10111111001010110101100110011010101111101111000110110011001100111011111110001110011111001100110110111111011000000110000000000000
00111100101011001100110011001101110000010000010101111100110011011011111010010110110011001100110110111110000011000000000000000000
11000000100111100110011001100110110000001000110100001010011001101100000011010100101100000000000011000000101101001100111100110011
11000000010100000011100110011010110000000011110111101011001100111100000001111101000010110011001111000000011001010000111001100110
11000000000100011011101100110011110000000000010100011011001100111100000000101101100000011001101011000000000111101111110011001101
10111111110010011101001100110011101111111011100000100110011001101011111111110011011111001100110110111111110111100000011001100110
10111111100001101110100110011010101111110110111110000110011001101011111110100110011110011001101010111111100101100001000000000000
10111111000111101011100110011010101111110000010101111001100110101011111101010001001110011001101010111111001101111111100110011010
10111110100000101001100110011010101111100011010001100110011001101011111011011000011100110011001110111110101010110000000000000000
00111101011110000000000000000000110000010010000000000000000000001011110111000111001100110011001110111100100101100110011001100110
00111010100101010010001000111101001110110110100000101110010100010011110111001100110011001100110100111011000100111000110011111011
00111100100111110111011011001111001111001110000101110111011110000011101111110010000101011011111100111100010100000111100100001010
00111101011100111000011100001111001111011001010011010101001110010011110100010111001011111000110100111101010000101101110000000111
00111101111101000101010011011001001111100000101111001100100111110011110110110010101011011001111100111101110100101100000110100001
00111110010001101000100011101001001111100101101101001111111000010011111000011110100010010011110100111110001100100011000010010001
00111110100011110010100111110111001111101001101010101101100110100011111001110001001000000100100100111110100000111110101100101100
00111110101111101010000010011110001111101100101100010010010110100011111010100110010111011000100000111110101100100010101010111000
00111110111100010000001010011100001111101111110101100001001111100011111011010111011011101101000000111110111001000101011011001101
00111111000100010010001101100101001111110001011100101100000000000011111100000101000100111111101000111111000010110011110010100100
00111111001010010111101000110101001111110010111011111010001100010011111100011101010100111001001100111111001000111001011010100111
00111111001111111010100001001010001111110100010100111000000010100011111100110100100001001001100100111111001110100001010101110101
00111111010101000100000000111100001111110101100010101100010100000011111101001010101111110000011000111111010011111100000010101010
00111111011001010100100000111001001111110110100100110000100101010011111101011100111111111111110100111111011000010011010111101000
00111111011100110101001101111010001111110111010110111101101111110011111101101100111010000001010100111111011100000110011100111010
00111111011110111011010100010101001111110111110100110010110111110011111101110111111101001110011100111111011110011111001111010100
00111111011111111101011111101110001111111000000000000011001010010011111101111110011001110000101000111111011111110100101100001011
00111111011000110110101000001000001110001110100110001100010110110011111101111111110011100110000100111111011111110010011111001100
00111010011100011100011100001010001110101110001000011111010111010011100011101001100011000101101100111001110100010111111100110010
00111011110001011100110101100111001111000000011000110000110001100011101100111001100010100111010000111011100010110111111000000001
00111100100011010010100011001011001111001010110110011011110110000011110000101111111011100000100100111100011000010001001000010111
00111101000100100101101100011101001111010010101010000100101010010011110011010001010110011101100100111100111110001100010100101100
00111101011111110111011101100010001111011001000001111011111010000011110101000100101110000111011100111101011000001011100100001111
00111101110010000000101101101100001111011101110011001000000011000011110110100001110101000000101000111101101101000101111110110111
00111110000100100011011100001101001111100001111111001001101110110011110111110011101010101111100000111110000001011100101110000111
00111110010010110111010011011101001111100101101100010001100101110011111000101101110000001111110100111110001111000000010100000001
00111110100001101011111000100011001111101001000001011111110110110011111001101010101110100110111000111110011110111000000111010100
00111110101011010100010011010011001111101011011111010101000100110011111010011001111011011001001000111110101000110100111111110111
00111110110110111000101111011010001111101110011111000111001001000011111011000011000010100011001000111110110011101110111000111011
00111111000001100101111000101111001111110000110100101001000110110011111011110011011111101011000100111110111111111100110111100001
00111111001000111010101101010000001111110010101111110001011011110011111100010100010010111110111100111111000110111100101100011101
00111111010000100111111111001001001111110100101001010011011111110011111100110011101111011110101000111111001110101111100110011000
00111111011000111011111110000110001111110110110011101001110000110011111101010010011101111101011000111111010110101111000000001110
00111111100001010101011100101000001111111000101010110100110100010011111101110110011100100110100100111111100000000010111010100100
00111111100010101011010011010001000000000000000000000000000000000000000000000000000000000000000000000000000000000000000000000000
