00111111100001000000000000000000110000000001001100000000000000000000000000000000000000000000000010111111100001000000000000000000
01000000000100110000000000000000110000000011111000000000000000001011111011101000000000000000000000111110111010000000000000000000
10111110010100000000000000000000001111100101000000000000000000001011111111100000000000000000000010111111001101000000000000000000
01000000001111100000000000000000110000000110001100000000000000000011111100110100000000000000000000111111111000000000000000000000
10111111101000000000000000000000101111110101110000000000000000001100000000100110000000000000000011000000000000010000000000000000
10111101110000000000000000000000001111011100000000000000000000001011111100010100000000000000000010111110101010000000000000000000
00111111010111000000000000000000001111111010000000000000000000000011111010101000000000000000000000111111000101000000000000000000
01000000011000110000000000000000110000001000001010000000000000000100000000000001000000000000000001000000001001100000000000000000
11000000000111000000000000000000110000000000101000000000000000001100000001001110000000000000000011000000001100010000000000000000
10111111100100000000000000000000101111110111000000000000000000001011111111110010000000000000000010111111110011000000000000000000
10111111000001000000000000000000101111101100100000000000000000001011111101001000000000000000000010111111001001000000000000000000
10111101010000000000000000000000001111010100000000000000000000001011111010001000000000000000000010111110000100000000000000000000
00111110110010000000000000000000001111110000010000000000000000000011111000010000000000000000000000111110100010000000000000000000
00111111011100000000000000000000001111111001000000000000000000000011111100100100000000000000000000111111010010000000000000000000
01000000000010100000000000000000010000000001110000000000000000000011111111001100000000000000000000111111111100100000000000000000
01000000100000101000000000000000110000010000000000000000000000000100000000110001000000000000000001000000010011100000000000000000
10111000010110100001111100100100101110111001000010101011001111100100000100000000000000000000000010111000111011011100001010100111
10111101010111011100000110000111101111011010001001111000111101101011110001111011010001011010000010111101000001000010011100001001
10111110001010100000000101011110101111100100100111111010000111001011110111011010111111110000100010111110000010110010110101110101
10111110100011010000111010110010101111101001010101010011010001001011111001100111011100011111010110111110100000010001101010111111
10111110011100111000001001101100101111100101101111111100001001111011111010001110000101011010110110111110100001001001111011111001
10111110000100101111010010011110101111011111101110010110101001111011111001000100000101011110000010111110001010101001001001111101
10111101100001001010000101100011101111010100010100001001101000111011110111010010000000110111100110111101101010100001001001001011
10111100001110110000110111111101101110111010111001001101001110111011110100001001000000010101000110111100101011010000111000101011
10111000110011000010001111110110101110101111000111101001101011101011101011110001111010011010111010111000110011000010001111110110
10111100101011010000111000101011101111010000100100000001010100011011101110101110010011010011101110111100001110110000110111111101
10111101101010100001001001001011101111011101001000000011011110011011110101000101000010011010001110111101100001001010000101100011
10111110001010101001001001111101101111100100010000010101111000001011110111111011100101101010011110111110000100101111010010011110
10111110100001001001111011111001101111101000111000010101101011011011111001011011111111000010011110111110011100111000001001101100
10111110100000010001101010111111101111100110011101110001111101011011111010010101010100110100010010111110100011010000111010110010
10111110000010110010110101110101101111011101101011111111000010001011111001001001111110100001110010111110001010100000000101011110
10111101000001000010011100001001101111000111101101000101101000001011110110100010011110001111011010111101010111011100000110000111
11000001000000000000000001110111101101110000000010110011000101011011101110010000101010110011111010111000010110100001111100100100
10111011100010000011010111111001101111000001101001000111110000001011011100000000101100110001010110111010100011010011100100111010
10111101000101011010000100001111101111010100011001010001011000001011110010001001011111011100010110111100110101000001011001001011
10111101101110001110001001010101101111011101010100111001010011101011110101111100000001111011000010111101100110111010110111000001
10111101111011100001011111011111101111011100110001111110101111101011110111110000100011000101001110111110000000101010010000100010
10111100111000011110111111100000001110111000111000101111100101011011110110100010010001101111111010111101011000000101000000011001
00111101110101011110111011001001001111100001000110110111011010010011110100010111110001100100101100111101100011011111110000010000
00111110100010100011111100001000001111101010001000000010110011100011111000111011000011001100011000111110011001101011101110010011
00111110111000110101010000000110001111101111011001101101110000100011111010111010011111011111001000111110110100000101101001110010
00111111000101111101001011000111001111110010001011000001000001110011111100000100110010010001111100111111000011100101010111111101
00111111010001100101000100011011001111110101000100111100110011110011111100101110111111101001100100111111001110101110000001111100
00111111011011100100000001111110001111110111011010000011100110110011111101011011100100100010011000111111011001010100001000100111
00111111100001110000001010000001001111111000101000100100011100000011111101111110111000111010000100111111100000111000011110111111
00111111100100000101010010000100001111111000111100001000110001010011111110001100110001111110110000111111100011101110000101111110
00111111100010011011101011011100001111111000011111100000001111010011111110001101010100111001010100111111100010111000111000100101
00111111100000110101000001011001001111111000001000100101111101110011111110000110001100101000101100111111100001001010110100001000
00111111100000000010001101001110001111111000000000000000010000000011111110000001001101001000111100111111100000001000100000110110
00111111100000000000000001000000000000000000000000000000000000000000000000000000000000000000000000000000000000000000000000000000
