00111111110101001110000000000000001111111000101010100000000000000011111110110010010000000000000000111111100101100110000000000000
00111111111010010010000000000000001111111000010100100000000000000011111110100011101000000000000000111111110000101010000000000000
00111111101010101100000000000000001111111011101001000000000000000011111110010000011000000000000000111111100111001110000000000000
00111111111101000100000000000000001111111000001010000000000000000011111111001011100000000000000000111111110111101100000000000000
00111111100100110110000000000000001111111001100110100000000000000011111110000111111000000000000000111111100011010110000000000000
00111111101011101000000000000000001111111011011001000000000000000011111110100000001000000000000000111111101001110010000000000000
00111111110100000010000000000000001111111101100111000000000000000011111110111110011000000000000000111111110001110000000000000000
00111111111110100000000000000000001111111000000101000000000000000011111111100011111000000000000000111111111011101010000000000000
00111111100010010100000000000000001111111000110000000000000000000011111110000011110000000000000000111111100001101000000000000000
00111111100101001110000000000000001111111001100000000000000000000011111110001110111000000000000000111111100100011110000000000000
00111111101000011110000000000000001111111010010101100000000000000011111110011011010000000000000000111111100111101000000000000000
00111111101100000110000000000000001111111011010001000000000000000011111110101000111000000000000000111111101011001010000000000000
00111111110000001000000000000000001111111100010011000000000000000011111110111000010000000000000000111111101111000100000000000000
00111111110100101000000000000000001111111101011101000000000000000011111111001001010000000000000000111111110011011100000000000000
00111111111001101000000000000000001111111110101111100000000000000011111111011100010000000000000000111111111000010100000000000000
00111111111111010000000000000000001111111000000000000000000000000011111111110001011000000000000000111111111101110010000000000000
00111111111111101100001001101001001111111111110001001110101100010100000000000000000000000000000001000000000000000000000000000000
00111111111101001110001000101101001111111111001001100100100010010011111111111001111001101111000100111111111101110110110100010000
00111111111010110011011100100001001111111110100011101010100110110011111111101111111100111011101100111111111011011000111101100011
00111111111000011100101101111010001111111101111101111100000111100011111111100110100011111010001100111111111001000010011100101111
00111111110110001011110110101000001111111101011001101111100111000011111111011101001110001011110100111111110110110000000011111010
00111111110011111100111001101110001111111100110110101111110010010011111111010100001011011111101000111111110100011111100001100000
00111111110001110011001101011000001111111100010100011010100010010011111111001011100001111111100100111111110010010101011110110011
00111111101111101101110010000100001111111011110011001100101010010011111111000011000011001110100100111111110000001111100000001000
00111111101101101100111100100010001111111011010011001010101101100011111110111010110010000001011000111111101110001100111001110000
00111111101011101111111110100101001111111010110100010111101000010011111110110010110100011001000100111111101100001110001101010011
00111111101001110111010000000110001111111010010110011010001011100011111110101011001010111011111100111111101010010100101010101001
00111111101000000010001110101100001111111001111001011001100110100011111110100011101111011000011100111111101000011110101101111001
00111111100110010001010001000111001111111001011101011011000111100011111110011100100011011001111100111111100110101100101111110110
00111111100100100100100110111110001111111001000010100010001101110011111110010101101000001100100100111111100100111111000001110000
00111111100010111011110011110001001111111000101000011110010001110011111110001110111110100001111100111111100011010101101110100010
00111111100001010101111111111111001111111000001111010101000011110011111110001000100010010001111000111111100001101111010001001011
00000000000000000000000000000000101111111000000000000000000000000011111110000010010010101110100000111111100000001100000110110110
10111111011100111111001001111111101111110110111100100010111111011011111101111101100001011100000010111111011110001010101001101110
10111111011000001110100001101100101111110101110001110010010000001011111101101010001111110100111110111111011001011000000110100001
10111111010011111010010111010111101111110100101101010101010001011011111101011000000111011011101010111111010100111110100110001101
10111111001111110010101010000110101111110011101101011010001101001011111101000111001001101100011010111111010000110001100011110111
10111111001011111101101110110100101111110010110000110111000010001011111100110111100000000001001110111111001100111001111001001001
10111111001000011101000001110110101111110001111001011010011000101011111100101000101011110000110010111111001001010100001010010101
10111111000101001001110001000111101111110001000101110100100011101011111100011011000000000111000010111111000101111100000101110001
10111111000010000100011011111011101111110000010101101001000010101011111100001110010010111010100110111111000010110011110011010111
10111110111110011100111101111010101111101111010001110010000010011011111100000010100010101100100010111110111111110101101010100011
10111110111001001110011001000100101111101101111111100110101011011011111011101111010000000101111110111110111010100001000100110000
10111110110100010111010100101100101111101100110011010011011101011011111011011011000100001000110010111110110101100011111110010000
10111110101111110111100100111011101111101011101100110011011111101011111011001000010110001010010010111110110000111110010011011000
10111110101011101110100010010101101111101010101011111011100000101011111010110111000100011111011010111110101100101111100010101101
10111110100111111011010001100000101111101001110000011011101010101011111010100111001011111110011010111110101000110110110101000110
10111110100100011010001110000000101111101000111001001000110110001011111010011000100011001111010110111110100101010000100011011001
10111110100001001001111111100011101111101000000110000100001001101011111010001010111110010101011010111110100001111100011100010001
00000000000000000000000000000000000000000000000000000000000000000000000000000000000000000000000000000000000000000000000000000000
