01000000001100111110000000000000001111111001011101000000000000000011111111111101101000000000000000111111101100110110000000000000
01000000010101100110000000000000001111111000101101000000000000000011111111010101001000000000000001000000000101110000000000000000
00111111111010000100000000000000010000000000101001110000000000000011111110100100110000000000000000111111110000111000000000000000
01000000011010100100000000000000001111111000010101000000000000000100000000100100111000000000000001000000010001000110000000000000
00111111101010111110000000000000001111111011101101000000000000000011111110010001010000000000000000111111100111100000000000000000
00111111111100101100000000000000010000000000010001110000000000000011111111001100001000000000000000111111110111101000000000000000
01000000001011000011000000000000010000000011101111110000000000000100000000010000101000000000000001000000000111011100000000000000
01000000011101001111000000000000001111111000001010100000000000000100000001001101001100000000000001000000011000000010000000000000
00111111100101000100000000000000001111111001101010100000000000000011111110001000010000000000000000111111100011100100000000000000
00111111101011111010000000000000001111111011011100100000000000000011111110100001011000000000000000111111101010000010000000000000
00111111110100001010000000000000001111111101100110100000000000000011111110111111011000000000000000111111110001111010000000000000
00111111111110000000000000000000010000000000000110100000000000000011111111100011011000000000000000111111111011011000000000000000
01000000000100111101000000000000010000000001101001100000000000000100000000000111011100000000000001000000000011010111000000000000
01000000001011111111000000000000010000000011011111010000000000000100000000100001010100000000000001000000001010000111000000000000
01000000010100011011000000000000010000000101101101000000000000000100000001000000000100000000000001000000010010001011000000000000
01000000011110100110000000000000001111111000000000000000000000000100000001100101001100000000000001000000011011111000000000000000
00111111101111110000011101000001001111111011110100011110010001100100000010000000000000000000000000111111110000000000000000000000
00111111101101110001101001001010001111111011010100101110100010000011111110111011001000101010001100111111101110010001011000000111
00111111101011111010011111100101001111111010110110111111101110100011111110110011010100011110111100111111101100011000001110111100
00111111101010000110000101101011001111111010011010011011100011010011111110101011111001110001111100111111101010100001110101000101
00111111101000010101101010001000001111111001111110100001001100010011111110100100110011001011100000111111101000110000110010100010
00111111100110101000110001111100001111111001100011100011101111100011111110011101111000010111100100111111100111000011000000101000
00111111100101000000010100010111001111111001001001101111011101000011111110010111001101101001111100111111100101011001011101001111
00111111100011011011111000100001001111111000110000101111001110000011111110010000110101101111010000111111100011110100101110000110
00111111100001111010011100001001001111111000011000110000010001110011111110001010101011010010111100111111100010010010101001010110
00111111100000011101100100100001001111111000000001101111101110110011111110000100101110011001110000111111100000110100001101010001
00111111011110001001111000010101001111110111010111101010000010110011111101111110000011101010101100111111011110110101010100010010
00111111011011011111100001000100001111110110101101100110111001000011111101110011001110011111011100111111011100001000111000010111
00111111011000111101000011010001001111110110000101010100111111010011111101101000110110100010001000111111011001100101001010111111
00111111010110100000011111110011001111110101011110100110101111000011111101011110110111110100110100111111010111000111000001001011
00111111010100001010001100010011001111110100111001010100011110110011111101010101010011001001010000111111010100101111100111100000
00111111010001111001101100100000001111110100010101100100010110010011111101001100000011100101100100111111010010011101000001111110
00000000000000000000000000000000101111110000000000000000000000000011111101000011001101100111100000111111010000010001000110011001
10111110111011010000010101010111101111101110010101010001110101001011111011111100000111111110100010111110111101001010001100101100
10111110110100001000110010011101101111101100101001010000001111101011111011011110000001101101000110111110110101110001110010110110
10111110101101111011100111010111101111101011001000001101000110011011111011000100000001011111101110111110101111011011010101101101
10111110101000011110000011111111101111101001110011000110100110011011111010101100101010011010001010111110101001110100001111010110
10111110100011100101010110000000101111101000100111001110001000011011111010010111111011110110110110111110100100110001110111001100
10111110011110100001101011001000101111100111001000100100001001111011111010000101100000101111011110111110100000010100000111010100
10111110010110111100101100001000101111100101010011010110000011111011111001101010100101110111011010111110011000110010001100110000
10111110010000001110100110100001101111100011101010101100100101111011111001001101111111100100000110111110010001110100011000101111
10111110001010010010000000101011101111100010001110011001000111001011111000110100100100001100001110111110001011101100100001100111
10111110000101000100010101101111101111100000111110001101001010001011111000011110010111010111110110111110000110010100000101100111
10111110000000100001101011011010101111011111101110111010111011111011111000001010111100110000110110111110000001100111011101011010
10111101111001000101000001101100101111011101110011110100100111101011110111110011101100111000111010111101111010111110010110001011
10111101110010000011001011000100101111011100000110110110000110001011110111010101110100010100011010111101110011101110011001011111
10111101101011110111111000110011101111011010100111010010001100011011110110111011011011110000000010111101101101010101110011011101
10111101100110011010011100010110101111011001010010100101000000011011110110100100001111000010010110111101100111101101100011011011
10111101100001101000011110000001101111011000001000100101001001111011110110001111110100010101100010111101100010110001010111000000
00000000000000000000000000000000000000000000000000000000000000000000000000000000000000000000000000000000000000000000000000000000
