11000000111010000000000000000000110000001111110000000000000000001100000011110000000000000000000011000000111110000000000000000000
11000000111001000000000000000000110000001111111000000000000000001100000011110100000000000000000011000000111011000000000000000000
11000000111100100000000000000000110000001110111000000000000000001100000011111010000000000000000011000000111101100000000000000000
11000000111000100000000000000000110000001111111100000000000000001100000011101010000000000000000011000000111001100000000000000000
11000000111110010000000000000000110000001111011100000000000000001100000011111101000000000000000011000000111110110000000000000000
11000000111100010000000000000000110000001110111100000000000000001100000011110101000000000000000011000000111100110000000000000000
11000000111010010000000000000000110000001110011100000000000000001100000011101101000000000000000011000000111010110000000000000000
00000000000000000000000000000000110000001111111110000000000000001100000011100101000000000000000011000000111000110000000000000000
11000000111111001000000000000000110000001111101110000000000000001100000011111110100000000000000011000000111111011000000000000000
11000000111110001000000000000000110000001111011110000000000000001100000011111010100000000000000011000000111110011000000000000000
11000000111101001000000000000000110000001111001110000000000000001100000011110110100000000000000011000000111101011000000000000000
11000000111100001000000000000000110000001110111110000000000000001100000011110010100000000000000011000000111100011000000000000000
11000000111011001000000000000000110000001110101110000000000000001100000011101110100000000000000011000000111011011000000000000000
11000000111010001000000000000000110000001110011110000000000000001100000011101010100000000000000011000000111010011000000000000000
11000000111001001000000000000000110000001110001110000000000000001100000011100110100000000000000011000000111001011000000000000000
00111110010000000000000000000000110000010000000000000000000000001100000011100010100000000000000011000000111000011000000000000000
00000000000000000000000000000000000000000000000000000000000000000100000100000000000000000000000000000000000000000000000000000000
00000000000000000000000000000000000000000000000000000000000000000000000000000000000000000000000000000000000000000000000000000000
00000000000000000000000000000000000000000000000000000000000000000000000000000000000000000000000000000000000000000000000000000000
00000000000000000000000000000000000000000000000000000000000000000000000000000000000000000000000000000000000000000000000000000000
00000000000000000000000000000000000000000000000000000000000000000000000000000000000000000000000000000000000000000000000000000000
00000000000000000000000000000000000000000000000000000000000000000000000000000000000000000000000000000000000000000000000000000000
00000000000000000000000000000000000000000000000000000000000000000000000000000000000000000000000000000000000000000000000000000000
00000000000000000000000000000000000000000000000000000000000000000000000000000000000000000000000000000000000000000000000000000000
00000000000000000000000000000000000000000000000000000000000000000000000000000000000000000000000000000000000000000000000000000000
00000000000000000000000000000000000000000000000000000000000000000000000000000000000000000000000000000000000000000000000000000000
00000000000000000000000000000000000000000000000000000000000000000000000000000000000000000000000000000000000000000000000000000000
00000000000000000000000000000000000000000000000000000000000000000000000000000000000000000000000000000000000000000000000000000000
00000000000000000000000000000000000000000000000000000000000000000000000000000000000000000000000000000000000000000000000000000000
00000000000000000000000000000000000000000000000000000000000000000000000000000000000000000000000000000000000000000000000000000000
00000000000000000000000000000000000000000000000000000000000000000000000000000000000000000000000000000000000000000000000000000000
00000000000000000000000000000000000000000000000000000000000000000000000000000000000000000000000000000000000000000000000000000000
11000001000000000000000000000000000000000000000000000000000000001000000000000000000000000000000010100010110100000000110011001010
00000000000000000000000000000000000000000000000000000000000000000000000000000000000000000000000000000000000000000000000000000000
00000000000000000000000000000000000000000000000000000000000000000000000000000000000000000000000000000000000000000000000000000000
00000000000000000000000000000000000000000000000000000000000000000000000000000000000000000000000000000000000000000000000000000000
00000000000000000000000000000000000000000000000000000000000000000000000000000000000000000000000000000000000000000000000000000000
00000000000000000000000000000000000000000000000000000000000000000000000000000000000000000000000000000000000000000000000000000000
00000000000000000000000000000000000000000000000000000000000000000000000000000000000000000000000000000000000000000000000000000000
00000000000000000000000000000000000000000000000000000000000000000000000000000000000000000000000000000000000000000000000000000000
00000000000000000000000000000000000000000000000000000000000000000000000000000000000000000000000000000000000000000000000000000000
00000000000000000000000000000000000000000000000000000000000000000000000000000000000000000000000000000000000000000000000000000000
00000000000000000000000000000000000000000000000000000000000000000000000000000000000000000000000000000000000000000000000000000000
00000000000000000000000000000000000000000000000000000000000000000000000000000000000000000000000000000000000000000000000000000000
00000000000000000000000000000000000000000000000000000000000000000000000000000000000000000000000000000000000000000000000000000000
00000000000000000000000000000000000000000000000000000000000000000000000000000000000000000000000000000000000000000000000000000000
00000000000000000000000000000000000000000000000000000000000000000000000000000000000000000000000000000000000000000000000000000000
00000000000000000000000000000000000000000000000000000000000000000000000000000000000000000000000000000000000000000000000000000000
00111111100000000000000000000000001111111000000000000000000000000000000000000000000000000000000000000000000000000000000000000000
00111111100000000000000000000000000000000000000000000000000000000000000000000000000000000000000000000000000000000000000000000000
