01000000000110110000000000000000110000000111011100000000000000000011111001110000000000000000000011000000000101010000000000000000
01000000011110110000000000000000110000001010010100000000000000001011111110100000000000000000000000111111101011100000000000000000
10111111001110000000000000000000001111110101110000000000000000001100000001000000000000000000000010111111111000000000000000000000
01000000101001101000000000000000110000001100011010000000000000000011111111101110000000000000000001000000010001010000000000000000
11000000001010010000000000000000110000000000001000000000000000001100000010001101100000000000000011000000010110010000000000000000
10111110110110000000000000000000001111110001010000000000000000001011111111000000000000000000000010111111100000000000000000000000
01000000000010010000000000000000010000000010111100000000000000000011111110001110000000000000000000111111110011100000000000000000
01000000110001110000000000000000110000001101111000000000000000000100000001011110000000000000000001000000100011111000000000000000
11000000100001000000000000000000110000000110011100000000000000001100000010110100000000000000000011000000100110001000000000000000
11000000000111110000000000000000110000000000101100000000000000001100000001001100000000000000000011000000001101000000000000000000
10111111101100000000000000000000101111111001000000000000000000001011111111110010000000000000000010111111110100000000000000000000
10111110011100000000000000000000001111101101100000000000000000001011111101011100000000000000000010111111000101000000000000000000
00111111100111100000000000000000001111111011111000000000000000000011111100111000000000000000000000111111011111000000000000000000
01000000000100100000000000000000010000000010010100000000000000000011111111011110000000000000000001000000000000000000000000000000
01000000011011000000000000000000010000001000011000000000000000000100000000111010000000000000000001000000010100010000000000000000
01000000110111101000000000000000110000010000000000000000000000000100000010011010000000000000000001000000101101010000000000000000
00111011101000110010111001011001001111000011000000000000111101000100000100000000000000000000000000111100000111100111110000101011
00111101001010011010001110101010001111010110010001010010100110110011110010011001101011110100000100111100111011100010111011110001
00111101110111100111001000100100001111100000010000101011001110010011110110010011001000110111100100111101101101101111110111110111
00111110010001111001000010000111001111100110000000000110110010100011111000011001101101010001000000111110001011111111111110011010
00111110100101000100010000110100001111101010000001001100011111100011111001110111110111001111000000111110100001111110000000001001
00111110110000011100101110000001001111101100101101100000101110000011111010101011110011101001101100111110101101110011110111011011
00111110111001001001010000101100001111101110101101011100110000010011111011010100011101100111101100111110110111001110100001001101
00111110111110101010100111101100001111101111110101111010110110000011111011110001100000011000011100111110111101101011110010111011
00111111000000000101110001110010001111110000000101000010100101000011111011111111010001110001110000111111000000000000000000000000
00111111000001110001011001101010001111110000100111101101101011110011111100000010101010110000101000111111000001001010000110100011
00111111000101010011100011001100001111110001100110111010011010100011111100001101010000101110010100111111000100010000101101011110
00111111001010001101000111010110001111110010111010010010101110000011111100011110011111100001001000111111001000110111000100111100
00111111001111111010110100110000001111110100010101111100001000000011111100110100010011000110011000111111001110011110110000110100
00111111010101100100110011110000001111110101101110100101010010010011111101001011001111100111110000111111010100001110000101011001
00111111011010100011001101011010001111110110111001111101110000110011111101100000110010101010001100111111011001011010000100110010
00111111011110001100110001111011001111110111101101001011011001000011111101110010010110010001110000111111011101011100110000110000
00111111011111011000101100111011001110100001100111001001111111100011111101111101010010010111000100111111011111101011110000101010
00111011001100011001101000000000001110111001010011100010011111000011101000011001110010011111111000111010101110011011101010101111
00111100010111101000111000110011001111001001001000001010110110000011101111100011010010110100100100111100001000101110100100110101
00111101000011100001010110000100001111010010101000001101101000010011110010111010111100101101011000111100111010010101100110010011
00111101100010000010111001110010001111011001101101101011011000110011110101001001011111100101101100111101011011000100010111000110
00111101110111011000011111001100001111011111010110111010101110010011110110110000101101111100110100111101110001101101110001110101
00111110000111101101001001111000001111100010101100011011000011110011111000000110111010010101000100111110000100101011010100011111
00111110010011111011111110100111001111100101101111101001100001100011111000110111011000010001010100111110010000110110111111000010
00111110011110010001110101010010001111100111111101000001000100000011111001100110110100100001011000111110011100001001001010000110
00111110011001101101001000010110001111100101101111101001100001100011111001111001000111010101001000111110011100001001001010000110
00111110001110001110011100011001001111100010110010100100111110010011111001010000011101001110000000111110010001001110101011010101
00111110000010000101110100110110001111011111100111100100011001110011111000100000010110100000110000111110000101000011010100001011
00111101101101100101101101000110001111011010001010100000011100010011110111100010110001111110011000111101110010111100001010011011
00111101010110011000010010111010001111010011101001111001001100000011110110001111101000011111010100111101011110110011010000000101
00111100110110001100010101011011001111001010111011000111110110100011110100011110010011100111001100111101000001000001111100010110
00111100000110100101110111111011001110111101100100000110100001010011110010001001011111110110001000111100010100010110110000101100
00111010101101101101101110101000001110100001100001110111101110000011101110001111001011100000101100111011001011010110111010000101
00111010000110000111011110111000000000000000000000000000000000000000000000000000000000000000000000000000000000000000000000000000
