00111111110101100000000000000000110000001000101110000000000000001011110101000000000000000000000010111111111011100000000000000000
01000000100001100000000000000000110000001011011100000000000000001011111101001100000000000000000000111111001101000000000000000000
10111110110110000000000000000000001111101010100000000000000000001100000001010011000000000000000010111111101000000000000000000000
01000000101100110000000000000000110000001101010100000000000000000011111110010000000000000000000001000000010000110000000000000000
11000000001100000000000000000000101111111100001000000000000000001100000010011111100000000000000011000000011101000000000000000000
10111110011100000000000000000000001111100001000000000000000000001011111110000010000000000000000010111111000111000000000000000000
00111111101100000000000000000000010000000000010100000000000000000011111100000100000000000000000000111111011010000000000000000000
01000000110100101000000000000000110000001110100000000000000000000100000001100111000000000000000001000000100110101000000000000000
11000000100101010000000000000000110000001000001010000000000000001100000011000101000000000000000011000000101010101000000000000000
11000000000001010000000000000000101111111101011000000000000000001100000001100011000000000000000011000000010000100000000000000000
10111111011010000000000000000000101111110011010000000000000000001011111110110000000000000000000010111111100100000000000000000000
10111110000100000000000000000000001111010100000000000000000000001011111100000100000000000000000010111110101010000000000000000000
00111111000111000000000000000000001111110100110000000000000000000011111001110000000000000000000000111110110110000000000000000000
00111111110000100000000000000000001111111110111000000000000000000011111110000010000000000000000000111111101000000000000000000000
01000000011110010000000000000000010000001001000000000000000000000100000000110000000000000000000001000000010101010000000000000000
01000000111001101000000000000000110000010000000000000000000000000100000010100110000000000000000001000000110000011000000000000000
10111100111010101101101101110100101111010011111000101010111101000100000100000000000000000000000000000000000000000000000000000000
10111101111110000001011100100011101111100001101101100111011000111011110110001010111110001001011010111101101111100010011101100101
10111110100000100101110111101110101111101001010001111010001111011011111000111101000111010011101110111110011000001010010110001110
10111110110001110110010110000111101111101101010100110110101000101011111010100110011111110100011110111110101101111001111001010010
10111110110001101101010111010000101111101011011001001010011110111011111011011111100100010000101010111110110101010000111110010011
10111110100000010001110001110011101111100101111010111101001000011011111010100100110111111001000110111110100100110011001011001010
10111101111110101000001101101110101111011100010111011100010101011011111000111100111010110001001110111110000110110101100001111101
10111101000010100000101110011110101111001001110011010011110010001011110110010101010100111001101010111101010101000001000110001110
00111001011111111111011010101011101110101111111101011001100000011011110000001010101110110011111010111010111111110101100110000001
10111101000010100000101110011110101111010101010000010001100011101011110000001010101110110011111010111100100111001101001111001000
10111101111110101000001101101110101111100001101101011000011111011011110110010101010100111001101010111101110001011101110001010101
10111110100000010001110001110011101111101001001100110010110010101011111000111100111010110001001110111110010111101011110100100001
10111110110001101101010111010000101111101101010100001111100100111011111010100100110111111001000110111110101101100100101001111011
10111110110001100000110110000111101111101011010010010110000111101011111011011111100100010000101010111110110101001101111011010011
10111110011101001101011000011011101111100100111001101011101101101011111010100001101111001111001110111110100011100011010010111000
10111101110011010101011111010101101111011001010000111001111010111011111000101001101111110011000110111110000001101100110010110110
01000001000000000000000000000000000000000000000000000000000000001011110101000110111010111010000110111100111011110100011100111101
10111100000100100101010010111000101111000101010011011001000100111011101101010101110110111010000010111011101110110010101110111110
10111100111110000010010101110100101111010001101010010110100000101011110010010010111100110011011010111100110000100000010011000100
10111101100000101000011000010000101111011001010111010010001000101011110100111011101100110111110010111101010111110011100100100001
10111101110010100100011101010101101111011011011000010110110101101011110110101000111110010110101110111101101110110011001110111001
10111101000000111110000010110111101110111110100011010100000100001011110110010111011101010010001110111101010111111100111010011011
00111101101011010000100110000000001111011111011100101110111010010011110010101101100010110111111100111101010101001100011000011111
00111110011011101001000011111111001111101000110001001000110101100011111000100001010000101011011100111110010001101011100011110010
00111110110100000100101100001111001111101110100000001010101110110011111010100010001110101001101000111110101110001111010100110001
00111111000101111101101001111000001111110010001110000101011001110011111100000000000000000000000000111111000010111111101010100011
00111111010001000101101111000000001111110100111001010001110001000011111100101110111000101011001100111111001110011101101110010101
00111111011010100101111011010000001111110111001010110011100111100011111101010111101011110101001000111111011000010001101000100011
00111111100001000001111100000110001111111000011011111110011101010011111101111010100100111010010000111111100000001110100011010100
00111111100011001010010001110101001111111000101110101011100000110011111110001001011101110101001000111111100010110110000101101101
00111111100001111101011001000110001111111000011010010101000010110011111110001010011101000101111000111111100010010010010010001110
00111111100000110110001001010011001111111000001010001010110011100011111110000101011001101001101100111111100001000101010101011111
00111111100000001100010100111110001111111000000001101101001101100011111110000001110100101111110100111111100000010011101111100010
00111111100000000000000000000000000000000000000000000000000000000000000000000000000000000000000000000000000000000000000000000000
