01000000010000000111000000000000001111111001111100100000000000000100000000001011110000000000000000111111110000100110000000000000
01000000010111101101000000000000001111111000111100000000000000000011111111101010100000000000000001000000001001001011000000000000
01000000000000000010000000000000010000000001011111110000000000000011111110110000011000000000000000111111110101011110000000000000
01000000011011110010000000000000001111111000011110000000000000000100000000110010001100000000000001000000010011110100000000000000
00111111101110010110000000000000001111111100110000100000000000000011111110010110111000000000000000111111101001110110000000000000
01000000000001011100000000000000010000000001000111000000000000000011111111100000000000000000000000111111111101010000000000000000
01000000001110010101000000000000010000000100011111000000000000000100000000011110010100000000000001000000001010110111000000000000
01000000011101110110000000000000001111111000001111000000000000000100000001010110111100000000000001000000011001101110000000000000
00111111100110110000000000000000001111111010001101000000000000000011111110001011010000000000000000111111100100101100000000000000
00111111101111011110000000000000001111111100011101000000000000000011111110101011111000000000000000111111101101001110000000000000
00111111111001010100000000000000001111111110111111000000000000000011111111010001000000000000000000111111110110101100000000000000
01000000000010001100000000000000010000000000111011000000000000000011111111111010101000000000000001000000000000101111000000000000
01000000001000011000000000000000010000000010100000010000000000000100000000010100110000000000000001000000000110110010000000000000
01000000001111001110000000000000010000000100010000000000000000000100000000101110110100000000000001000000001101011100000000000000
01000000010110101110000000000000010000000110001011000000000000000100000001001011100000000000000001000000010100110000000000000000
01000000011110111011000000000000001111111000000000000000000000000100000001101011000000000000000001000000011100110100000000000000
00111111000000001110110111010100001111110000001011000111000000110100000010000000000000000000000000000000000000000000000000000000
00111111000010000010110000001011001111110000101000000010011100100011111100000100100110011001101000111111000001100110010111011101
00111111000011111010001001010001001111110001000101110101111001110011111100001011111010001101011000111111000011011100100010110110
00111111000101110011010000111101001111110001100100011000110101100011111100010011010110000101110000111111000101010100100101111110
00111111000111101011011100100111001111110010000010101011010110000011111100011010111101111000010000111111000111001101000001111101
00111111001001100110010010101101001111110010100001010100001010000011111100100010100110011000010100111111001001001000000111100110
00111111001011100011011011100011001111110011000000100001111100010011111100101010010100000011000000111111001011000100011001011101
00111111001101100001100001010100001111110011100000001111101111100011111100110010000110001101010000111111001101000001101101101011
00111111001111100010011101101110001111110100000000101001101101000011111100111010000100100011100100111111001111000001111110101001
00111111010001100011111110100100001111110100100001001011110011100011111101000010001001101010100000111111010001000010111000000000
00111111010011100101111111100011001111110101000001110101000110010011111101001010010100101010101100111111010011000101010001100010
00111111010101101010001111100101001111110101100011000001000111100011111101010010100001010000011100111111010101001000111111010111
00111111010111101111100111111111001111110110000100010000101111000011111101011010110110010001110000111111010111001110110000000101
00111111011001110110000000010000001111110110100101111101111000100011111101100011001100000010100100111111011001010100101010001111
00111111011011111110000101001111001111110111001000000101011110100011111101101011101000111111010000111111011011011100010100001101
00111111011110000111101011110011001111110111101010011000101000100011111101110100001100010111111100111111011101100101100010011100
00000000000000000000000000000000001111111000000000000000000000000011111101111100101111011101111100111111011111101110101010011011
00111110111101110001110101010010001111101111001111001111000111010011111011111110001001100110101100111110111110101000111011101001
00111110111010100011010001001110001111101110011100011011101100000011111011110000101000011111101100111110111011010110110110101000
00111110110111100110001010110110001111101101101101111110001101010011111011100100001000011011001100111110111000010100010001101010
00111110110100110111001011011110001111101101000011110101001001100011111011011000101101011101111100111110110101100000011111110100
00111110110010011000010111011101001111101100011100101111101000000011111011001110011101000101101000111110110010111111000110101001
00111110110000000110010101011111001111101011111000110100100100100011111011000100111011011011101100111110110000101010101000000010
00111110101101111111110011000110001111101011010111101111000111110011111010111100000101100111111100111110101110100000101000100011
00111110101100000001101001000101001111101010111000101110011011100011111010110011111100101011000000111110101100100000011010001100
00111110101010001100011000110011001111101010011100000111010111110011111010101100010100100101011100111110101010101000010100110000
00111110101000011111010100011001001111101010000001011101111011100011111010100101010010010010100000111110101000111001100010100001
00111110100110111010011011001101001111101001101000100111111110100011111010011110110001110001101000111110100111010011000011111100
00111110100101011011101001101010001111101001010001010010100110110011111010011000101010011101010000111110100101110010110010100111
00111110100100000011101101010011001111101000111011101000101010110011111010010010111101001011111000111110100100011001011110010001
00111110100010110000111011101011001111101000100111010000001000100011111010001101100111110010100100111110100011000101011010000010
00111110100001100011000000010100001111101000010100000011111000110011111010001000100110011100001000111110100001110110010001011001
00111110100000011010011000110111001111101000000010001011000100100011111010000011110111110110111000111110100000101100001001100010
00000000000000000000000000000000000000000000000000000000000000000000000000000000000000000000000000000000000000000000000000000000
