00111111100110100000000000000000110000000000011100000000000000001011111000000000000000000000000010111111101000000000000000000000
01000000000001000000000000000000110000000011111000000000000000001011111100110000000000000000000000111111001001000000000000000000
10111110111000000000000000000000001111101100000000000000000000001011111111001110000000000000000010111111011100000000000000000000
01000000001110110000000000000000110000000111010100000000000000000011111101100100000000000000000000111111110010000000000000000000
10111111101101100000000000000000101111111000110000000000000000001100000000011110000000000000000010111111111011000000000000000000
10111110100110000000000000000000001111100110000000000000000000001011111101010000000000000000000010111111000100000000000000000000
00111111100001100000000000000000001111111011000000000000000000000011111100000100000000000000000000111111010001000000000000000000
01000000011100100000000000000000110000001001011000000000000000000011111111100110000000000000000001000000000110110000000000000000
11000000000100100000000000000000101111111111110000000000000000001100000001010101000000000000000011000000001011000000000000000000
10111111101010100000000000000000101111111001011000000000000000001011111111011100000000000000000010111111110000100000000000000000
10111111010000000000000000000000101111110010000000000000000000001011111110000010000000000000000010111111011000000000000000000000
10111110011000000000000000000000001111100000000000000000000000001011111100000000000000000000000010111110110000000000000000000000
00111111000101000000000000000000001111110011010000000000000000000011111010011000000000000000000000111110111010000000000000000000
00111111100100000000000000000000001111111010010000000000000000000011111101010100000000000000000000111111011110000000000000000000
00111111111101100000000000000000010000000000111100000000000000000011111110111100000000000000000000111111110101100000000000000000
01000000100101001000000000000000110000010000000000000000000000000100000000101001000000000000000001000000010100100000000000000000
10111111011111111111000010110100101111110111111011110001001110110100000100000000000000000000000010111111011111111101111110001100
10111111011101000000110100011101101111110110110111101011011001001011111101111100101001110101100010111111011110010000100110001001
10111111010101010010101000101110101111110100101110001100100000011011111101100110110100010100101110111111010111100110110110110001
10111111001010011101101000101111101111110001111000111101111011111011111101000000110100111101111110111111001101010011011110101010
10111110111100101010100011111101101111101101100111110100001001001011111100010001100110111000010110111111000001010011100011110001
10111110100100000100001101100000101111100111100011001000011101111011111011000000101000000110001010111110101001110000111001101011
10111110000011000101011010011100101111011101101101001111100100001011111001010010011100111111000110111110001011100001110101010110
10111101001000001011000111110000101111001011110010010001001101011011110110100101000011000110101010111101011011010010110111010001
00100010111000000011111010101111001110110101001111001101100010001011110000110000001010110000001110111011010100111100110110001000
00111101001010010010010100100110001111011000000101110001110011110011110000110000001010110000001100111100101111001001000100110101
00111110000101001000001100011101001111100011011011111011000110000011110110110001111001111100110000111101111010100000010011011010
00111110100101111100100001001111001111101011000101001001010001110011111001011011110111110001001000111110100000010100110111101110
00111110111111000100110010000101001111110000101011101101100010010011111011001010110011110011010100111110111000111110110111101000
00111111001100000001110010011001001111110011110001011100101100010011111100011000000011001001101100111111001001000010110110000110
00111111010110111101100100010011001111110110010011010101101101010011111101000111101110011010001100111111010100011111010011100000
00111111011110000111010000100011001111110111110001011110000101010011111101101100011101110000010000111111011100110001000111011111
00111111011111111101110100101110001110000000100100111101110001010011111101111110110110011000110000111111011111111110111110011011
00111011010100011001011010000001001110111111001111100111000000000011100000001001001111011100010100111010011000100111001000111011
00111101000010111101110111100001001111010100011010111101111100010011110001100101011100110101101100111100101110111010110010110010
00111101110111000001100101100001001111100000100100001101111111010011110110000110011110000101111100111101101011011000100100110010
00111110011001111000000000111100001111101000011001100000011100000011111000100101010001110100011000111110010000111110111111111110
00111110110001011010101011110101001111101101111011011010011111010011111010011001011010010111010000111110101011101000000010111101
00111111000100101011010110000010001111110001111011010010101011010011111011110111000111001100111000111111000001101110100111011000
00111111010000110110111100111001001111110100111100001011100101010011111100101011000110110000110100111111001101110110000011010100
00111111011011111010000110011001001111110111100001110100011011000011111101011001111101110000011100111111011001010001011001010011
00111111011011111010000110011001001111110110010100010110010100110011111101111111000110111100110100111111011110000111010001101100
00111111010000000111001111110000001111110011010001010010011001110011111101011000101000010111011100111111010011000011001010010010
00111111000011111011100110100000001111110000010000000111011011100011111100101000000001110100100100111111000110111100010110110101
00111110101111000010011110001111001111101010010111010001001101110011111011101110111000010000011000111110110101001000101100101111
00111110010101010001001101100110001111100011010000000110101000000011111010010001100011011101110000111110011110110100010011100001
00111101101111011100011111000101001111011001001100110011011100100011111000010101100000000111100100111101111100000110101101010110
00111100110011011110001001101111001111000111101111010011010000010011110101011001101111101110111000111101000110010101101000001110
00111010011110001011000010111010001110000001001101101001010101110011110000000101111000110000000000111011011001100010011000101111
00111000000100110110100101010111000000000000000000000000000000000000000000000000000000000000000000000000000000000000000000000000
